743 3
1090
2325 7
3518
8086 22
8428
9031 24
9959
11185 24
11369
12282 31
12293
13213 34
13291
13888 36
882256
886831 51
887173
887776 53
888196
889410 53
890102
891025 60
891359
894716 71
895058
895665 73
896723
898844 80
898863
899164 73
899348 81
899399
902745 92
903087
903690 94
904110
905328 94
906020
906923 101
1764888
1768233 112
1768575
1769182 114
1769602
1771743 114
1772435 121
1773704
1777056 132
1777398
1778005 134
1778425
1780269 134
1780961
1781279 141
1781330
1781935 143
1782286
1782587 144
1782964
1786955 157
1787014
1787318 158
1788325
