743 3
1090
2325 7
3519
8098 22
8440
9043 24
10156
12293 31
12382
15727 42
16069
16672 44
17093
18311 44
19003
19916 51
19927
20847 54
20925
21522 56
890075
894654 71
894996
895603 73
896024
898161 80
898257 73
898949 80
899187
902532 91
902874
903477 93
903898
904508 93
905200
906711 100
906730
907027 101
907078
910432 112
910774
911381 114
911802
913646 114
914338
914635 121
1772994
1776347 132
1776689
1777296 134
1777717
1778947 134
1779639
1780554 141
1781813
1785177 152
1785519
1786130 154
1786551
1788395 154
1789087
1789405 161
1789456
1790061 163
1790412
1790713 164
1791090
1795081 177
1795140
1795444 178
1796451
