926 3
1271
2493 7
2840
3437 9
3456
3753 10
3809
5927 17
6274
6871 19
7150
9287 26
9634
10848 30
10911
11214 31
11299
12208 34
12287
12586 35
12608
12907 36
12929
13228 37
13249
13545 38
13575
14176 40
14255
14558 41
14580
14883 42
14905
15208 43
15229
15529 44
15558
16159 46
16238
16537 47
16559
16862 48
16884
17183 49
17204
17500 50
17530
18131 52
18210
18509 53
18531
18830 54
18852
19151 55
19172
19468 56
19498
20099 58
20178
20477 59
20499
20802 60
20824
21127 61
21148
21448 62
21478
22079 64
22158
22457 65
22479
22778 66
22800
23103 67
23124
23424 68
23454
24059 70
24138
24441 71
24463
24766 72
24788
25091 73
25112
25412 74
25442
26043 76
26122
26421 77
26443
26742 78
26764
27063 79
27084
27384 80
27414
28015 82
28094
28397 83
28419
28722 84
28744
29047 85
29068
29368 86
29395
29996 88
30075
30374 89
30396
30695 90
30717
31020 91
31041
31341 92
31370
31971 94
32050
32353 95
32375
32678 96
32700
33003 97
33024
33320 98
33349
33950 100
34029
34328 101
34350
34653 102
34675
34978 103
34999
35299 104
35328
35933 106
36012
36315 107
36337
36640 108
36662
36965 109
36986
37286 110
37315
37912 112
37991
38290 113
38312
38615 114
38637
38940 115
38961
39261 116
39290
39895 118
39974
40277 119
40299
40602 120
40624
40927 121
40948
41248 122
41277
41878 124
41957
42260 125
42282
42585 126
42607
42910 127
42931
43231 128
43260
43865 130
43944
44247 131
44269
44572 132
44594
44897 133
44918
45218 134
45247
45852 136
45931
46234 137
46256
46559 138
46581
46884 139
46905
47205 140
47234
47839 142
47918
48221 143
48243
48546 144
48568
48871 145
48892
49192 146
49221
49826 148
49905
50208 149
50230
50533 150
50555
50858 151
50879
51179 152
51208
51813 154
51892
52195 155
52217
52520 156
52542
52845 157
52866
53166 158
53195
