1001 3
1345
2580 7
3664
8232 22
8571
9174 24
9993
12753 33
12831
13428 35
13491 24
13675 35
882505
887072 50
887411
888014 52
888328
890148 52
890837
891150 59
891484
894841 70
895180
895783 72
896553
898678 79
898697
898994 80
899042 72
899405
902755 91
903094
903697 93
904516
906637 93
906821 100
1764335
1767688 111
1768027
1768630 113
1768944
1770484 113
1771173
1771778 120
1772953
1776313 131
1776652
1777255 133
1777569
1779731 140
1779782 133
1780471
1781076 142
1781427
1781728 143
1782105
1786096 156
1786155
1786459 157
1787466
