743 3
1090
2325 7
3520
8088 22
8430
9033 24
9455
10065 24
10757
12286 31
12297
13217 34
13295
13892 36
882249
886824 51
887166
887769 53
888191
890328 60
890502 53
891194 60
891354
894711 71
895053
895660 73
896590
898711 80
898730
899031 73
899215 81
899266
902612 92
902954
903557 94
903979
906100 94
906792 101
1765143
1768488 112
1768830
1769437 114
1769859
1772000 114
1772692 121
1773862
1777214 132
1777556
1778163 134
1778585
1779199 134
1779891
1781439 141
1781490
1782095 143
1782446
1782747 144
1783124
1787115 157
1787174
1787478 158
1788485
