926 3
1271
2493 7
2840
3437 9
3456
3753 10
3809
5927 17
6274
6871 19
7525
9662 26
10009
11223 30
11286
11596 31
11633
12838 35
12907
13203 36
13233
13834 38
13903
14203 39
14232
14829 41
14898
15194 42
15224
15821 44
15890
16186 45
16216
16817 47
16886
17186 48
17216
17821 50
17890
18190 51
18220
18821 53
18890
19186 54
19216
19813 56
19882
20178 57
20208
20809 59
20878
21178 60
21205
21806 62
21875
22175 63
22204
22805 65
22874
23170 66
23199
23800 68
23869
24165 69
24194
24795 71
24864
25160 72
25189
25790 74
25859
26159 75
26188
26789 77
26858
27154 78
27183
27784 80
27853
28153 81
28182
28787 83
28856
29156 84
29185
29786 86
29855
30151 87
30180
30781 89
30850
31146 90
31175
31776 92
31845
32141 93
32170
32771 95
32840
33140 96
33169
33770 98
33839
34135 99
34163
34760 101
34829
35125 102
35153
35754 104
35823
36123 105
36151
36756 107
36825
37125 108
37153 31
37192
