926 3
1271
2493 7
2840
3437 9
3456
3753 10
3809
5927 17
6274
6871 19
7525
9662 26
10009
11223 30
11286
11596 31
11633
12838 35
12917
13213 36
13243
13844 38
13923
14223 39
14252
14849 41
14928
15224 42
15254
15851 44
15930
16226 45
16256
16857 47
16936
17236 48
17266
17871 50
17950
18250 51
18280
18881 53
18960
19256 54
19286
19883 56
19962
20258 57
20288
20889 59
20968
21268 60
21295
21896 62
21975
22275 63
22304
22905 65
22984
23280 66
23309
23910 68
23989
24285 69
24314
24915 71
24994
25290 72
25319
25920 74
25999
26299 75
26328
26929 77
27008
27304 78
27333
27934 80
28013
28313 81
28342
28947 83
29026
29326 84
29355
29956 86
30035
30331 87
30360
30961 89
31040
31336 90
31365
31966 92
32045
32341 93
32370
32971 95
33050
33350 96
33379
33980 98
34059
34355 99
34383
34980 101
35059
35355 102
35383
35984 104
36063
36363 105
36391
36996 107
37075
37375 108
37403 31
37442
