926 3
1271
2493 7
2840
3437 9
3456
3753 10
3809
5927 17
6274
6871 19
7150
9287 26
9634
10848 30
10911
11214 31
11299
12208 34
12287
12586 35
12608
12907 36
12928
13224 37
13254
13855 39
13934
14237 40
14259
14562 41
14583
14883 42
14912
15509 44
15588
15887 45
15909
16208 46
16229
16529 47
16559
17160 49
17239
17542 50
17564
17867 51
17888
18188 52
18218
18819 54
18898
19197 55
19219
19518 56
19539
19839 57
19869
20470 59
20549
20852 60
20874
21177 61
21198
21498 62
21528
22129 64
22208
22507 65
22529
22828 66
22849
23149 67
23179
23780 69
23859
24162 70
24184
24487 71
24508
24808 72
24838
25443 74
25522
25825 75
25847
26150 76
26171
26467 77
26494
27095 79
27174
27473 80
27495
27798 81
27819
28119 82
28148
28753 84
28832
29135 85
29157
29460 86
29481
29781 87
29810
30411 89
30490
30789 90
30811
31110 91
31131
31431 92
31460
32061 94
32140
32443 95
32465
32768 96
32789
33089 97
33118
33719 99
33798
34101 100
34123
34426 101
34447
34747 102
34776
35381 104
35460
35763 105
35785
36088 106
36109
36409 107
36438
37043 109
37122
37425 110
37447
37750 111
37771
38071 112
38100
38701 114
38780
39083 115
39105
39408 116
39429
39729 117
39758
40363 119
40442
40745 120
40767
41070 121
41091
41391 122
41420
42021 124
42100
42403 125
42425
42728 126
42749
43049 127
43078
43683 129
43762
44065 130
44087
44390 131
44411
44711 132
44740
45341 134
45420
45723 135
45745
46048 136
46069
46369 137
46398
47003 139
47082
47385 140
47407
47710 141
47731
48031 142
48059
48664 144
48743
49046 145
49068
49371 146
49392
49692 147
49720
