926 3
1271
2493 7
2840
3437 9
3456
3753 10
3809
5927 17
6274
6871 19
7150
9287 26
9634
10848 30
10911
11820 33
11899
12198 34
12220
12519 35
12540
12840 36
12870
13475 38
13554
13857 39
13879
14182 40
14203
14503 41
14532
15133 43
15212
15511 44
15533
15832 45
15853
16153 46
16183
16788 48
16867
17170 49
17192
17495 50
17516
17816 51
17846
18447 53
18526
18825 54
18847
19146 55
19167
19467 56
19497
20098 58
20177
20476 59
20498
20801 60
20822
21122 61
21152
21757 63
21836
22139 64
22161
22464 65
22485
22781 66
22811
23412 68
23491
23790 69
23812
24111 70
24132
24432 71
24462
25067 73
25146
25449 74
25471
25774 75
25795
26095 76
26122
26723 78
26802
27101 79
27123
27422 80
27443
27743 81
27772
28377 83
28456
28759 84
28781
29084 85
29105
29405 86
29434
30035 88
30114
30413 89
30435
30734 90
30755
31055 91
31084
31685 93
31764
32067 94
32089
32392 95
32413
32713 96
32742
33343 98
33422
33721 99
33743
34046 100
34067
34367 101
34396
35001 103
35080
35383 104
35405
35708 105
35729
36029 106
36058
36663 108
36742
37045 109
37067
37370 110
37391
37691 111
37720
38317 113
38396
38699 114
38721
39024 115
39045
39345 116
39374
39979 118
40058
40361 119
40383
40686 120
40707
41007 121
41036
41633 123
41712
42015 124
42037
42340 125
42361
42661 126
42690
43295 128
43374
43677 129
43699
44002 130
44023
44323 131
44352
44949 133
45028
45331 134
45353
45656 135
45677
45977 136
46006
46611 138
46690
46993 139
47015
47318 140
47339
47639 141
47667
48272 143
48351
48654 144
48676
48979 145
49000
49300 146
49328
49933 148
50012
50315 149
50337
50640 150
50661
50961 151
50989
