926 3
1271
2493 7
2840
3437 9
3456
3753 10
3809
5927 17
6274
6871 19
7525
9662 26
10009
11223 30
11286
12195 33
12274
12570 34
12600
13197 36
13276
13576 37
13605
14206 39
14285
14585 40
14615
15212 42
15291
15587 43
15617
16214 45
16293
16589 46
16619
17224 48
17303
17603 49
17633
18234 51
18313
18609 52
18639
19240 54
19319
19615 55
19645
20246 57
20325
20621 58
20648
21253 60
21332
21632 61
21661
22266 63
22345
22645 64
22674
23275 66
23354
23650 67
23679
24280 69
24359
24659 70
24688
25289 72
25368
25668 73
25697
26298 75
26377
26673 76
26702
27303 78
27382
27678 79
27707
28308 81
28387
28683 82
28712
29317 84
29396
29696 85
29725
30326 87
30405
30701 88
30730
31331 90
31410
31706 91
31735
32336 93
32415
32715 94
32744
33345 96
33424
33720 97
33748
34349 99
34428
34728 100
34756
35353 102
35432
35728 103
35756
36361 105
36440
36740 106
36768
37373 108
37452
37752 109
37780
38377 111
38456
38752 112
38780
39381 114
39460
39760 115
39788
