926 3
1271
2493 7
2840
3437 9
3456
3753 10
3809
5927 17
6274
6871 19
7150
9287 26
9634
10848 30
10976
11279 31
11304
12213 34
12292
12591 35
12613
12912 36
12934
13233 37
13254
13550 38
13580
14181 40
14260
14563 41
14585
14888 42
14910
15213 43
15234
15534 44
15563
16164 46
16243
16542 47
16564
16867 48
16889
17188 49
17209
17505 50
17535
18136 52
18215
18514 53
18536
18835 54
18857
19156 55
19177
19473 56
19503
20104 58
20183
20482 59
20504
20807 60
20829
21132 61
21153
21453 62
21483
22084 64
22163
22462 65
22484
22783 66
22805
23108 67
23129
23429 68
23459
24064 70
24143
24446 71
24468
24771 72
24793
25096 73
25117
25417 74
25447
26048 76
26127
26426 77
26448
26747 78
26769
27068 79
27089
27389 80
27419
28020 82
28099
28402 83
28424
28727 84
28749
29052 85
29073
29373 86
29400
30001 88
30080
30379 89
30401
30700 90
30722
31025 91
31046
31346 92
31375
31976 94
32055
32358 95
32380
32683 96
32705
33008 97
33029
33325 98
33354
33955 100
34034
34333 101
34355
34658 102
34680
34983 103
35004
35304 104
35333
35938 106
36017
36320 107
36342
36645 108
36667
36970 109
36991
37291 110
37320
37917 112
37996
38295 113
38317
38620 114
38642
38945 115
38966
39266 116
39295
39900 118
39979
40282 119
40304
40607 120
40629
40932 121
40953
41253 122
41282
41883 124
41962
42265 125
42287
42590 126
42612
42915 127
42936
43236 128
43265
43870 130
43949
44252 131
44274
44577 132
44599
44902 133
44923
45223 134
45252
45857 136
45936
46239 137
46261
46564 138
46586
46889 139
46910
47210 140
47239
47844 142
47923
48226 143
48248
48551 144
48573
48876 145
48897
49197 146
49226
49831 148
49910
50213 149
50235
50538 150
50560
50863 151
50884
51184 152
51213
51818 154
51897
52200 155
52222
52525 156
52547
52850 157
52871
53171 158
53200
53805 160
53884
54187 161
54209
54512 162
54534
54837 163
54858
55158 164
55186
