743 3
1090
2325 7
3540
8108 22
8450
9053 24
10187
12326 31
12337
13257 34
13335
13932 36
883384
887959 51
888301
888904 53
889346
890560 53
891252
892175 60
892509
895866 71
896208
896815 73
897765
899886 80
899905
900206 73
900390 81
900441
903787 92
904129
904732 94
905174
906392 94
907084
907987 101
1766750
1770095 112
1770437
1771044 114
1771486
1773627 114
1774319 121
1775588
1778940 132
1779282
1779889 134
1780331
1782175 134
1782867
1783185 141
1783236
1783841 143
1784192
1784493 144
1784870
1788861 157
1788920
1789224 158
1790231
